% matlab file written 










































Ar = [
	49.8204986766
	49.4944507881
	49.1947629817
	49.0530484473
	48.8008483536
	48.5496043598
	48.4017929277
	48.1399698981
	47.8700246274
	47.7096558982
	47.428286174
	47.1408087975
	46.9711367668
	46.6757775894
	46.3763138129
];


cbt = [
	0.0487185339387
	0.0475173416577
	0.0468132673986
	0.0464873263979
	0.0460295686474
	0.0456424814995
	0.0454354092816
	0.0451010330885
	0.0447846826959
	0.0446058760137
	0.0443051013608
	0.0440100682476
	0.0438401336595
	0.0435503009454
	0.0432623713748
];


cct = [
	0.0468372907063
	0.0461084896263
	0.0454369139988
	0.0450139331876
	0.0445913659659
	0.0442201075895
	0.0440154744056
	0.0436903785735
	0.0433811587587
	0.0432052801312
	0.0429103536665
	0.0426206330176
	0.0424533995461
	0.0421684536962
	0.0418852274623
];


cet = [
	0.0480978821031
	0.0471282254327
	0.0465349144015
	0.0462478153719
	0.045856597931
	0.0455146566221
	0.0453270378676
	0.0450183737312
	0.0447204519614
	0.0445499587076
	0.0442604986139
	0.0439739633756
	0.0438080051325
	0.0435237529391
	0.0432401805047
];


cb_h = [
	0.00292256329464
	0.00284373212272
	0.00278359716441
	0.00274601106644
	0.00268791193294
	0.00263973620534
	0.00261511597452
	0.00257747135998
	0.0025445527696
	0.00252706427816
	0.00249928895509
	0.00247382281167
	0.00245983610034
	0.00243696214864
	0.00241528511835
];
cb_c = [
	0.00603777226967
	0.00520115253257
	0.00473410226334
	0.00452069050016
	0.0042429637572
	0.00404075105849
	0.00394552084904
	0.00381043382485
	0.00370207755451
	0.00364791828888
	0.00356668636332
	0.00349714735946
	0.00346081541761
	0.00340409255331
	0.00335322109954
];
cb_n = [
	0.0397581983744
	0.0394724570024
	0.0392955679709
	0.0392206248313
	0.0390986929572
	0.0389619942357
	0.0388747724581
	0.0387131279036
	0.0385380523718
	0.0384308934467
	0.0382391260424
	0.0380390980764
	0.0379194821416
	0.0377092462435
	0.0374938651569
];


cbin_h = [
	0.164368299062
	0.161092512527
	0.158395794543
	0.156555599871
	0.153721150984
	0.151495657033
	0.150419425381
	0.14887316366
	0.14763948817
	0.147033616455
	0.146146811169
	0.145418349323
	0.145052295136
	0.144504630511
	0.144041960594
];
cbin_c = [
	0.339571211311
	0.294636306568
	0.269385922302
	0.257733634701
	0.242654256766
	0.231900534331
	0.226943273156
	0.22008831882
	0.214801139847
	0.212248902089
	0.208563254511
	0.205572280258
	0.204078320217
	0.20185259624
	0.199978270811
];
cbin_n = [
	2.23604650499
	2.23604650499
	2.23604650499
	2.23604650499
	2.23604650499
	2.23604650499
	2.23604650499
	2.23604650499
	2.23604650499
	2.23604650499
	2.23604650499
	2.23604650499
	2.23604650499
	2.23604650499
	2.23604650499
];


cc_h = [
	0.00281849996989
	0.00273053345654
	0.00258408203174
	0.0024578779901
	0.00237140499087
	0.00230286904981
	0.00226766873917
	0.00222049896544
	0.00218219695079
	0.00216254662855
	0.00213359146327
	0.00210861321037
	0.00209533808219
	0.00207466699721
	0.00205590663743
];
cc_c = [
	0.00342875016156
	0.0030977863333
	0.00270970297139
	0.00244103452188
	0.00222977283401
	0.00207394656554
	0.00199895986832
	0.00190012135635
	0.00182354386832
	0.00178590358716
	0.00173208571052
	0.00168781065934
	0.00166521859768
	0.00163128675227
	0.00160196656805
];
cc_n = [
	0.0405900405748
	0.0402801698365
	0.0401431289956
	0.0401150206756
	0.039990188141
	0.0398432919742
	0.0397488457981
	0.0395697582517
	0.0393754179396
	0.0392568299155
	0.0390446764927
	0.0388242091479
	0.0386928428662
	0.0384624999467
	0.0382273542568
];


ccwin_h = [
	22.0263899308
	23.6680067482
	24.3803071085
	24.5506449964
	24.9647564622
	25.3127759435
	25.4928125575
	25.793128083
	26.0781170844
	26.238157002
	26.5093141285
	26.775376816
	26.9281895027
	27.1894168274
	27.4489973821
];
ccwin_c = [
	5.87079690658
	6.23751346741
	6.3332628344
	6.32678244473
	6.35509607934
	6.37892588814
	6.39183240753
	6.41812526155
	6.44723368654
	6.46515335838
	6.4983203282
	6.53367232708
	6.5550171199
	6.59312604845
	6.63266423879
];
ccwin_n = [
	55.0181031775
	58.6656917254
	59.5977304559
	59.6133513643
	59.9946829235
	60.3338221779
	60.5230986693
	60.8867277459
	61.2755286667
	61.5100981833
	61.933895554
	62.3761606404
	62.6398893087
	63.1052796971
	63.5828314026
];


ce_h = [
	0.00280656489742
	0.00260798850967
	0.0024301702607
	0.0022991674119
	0.00219908035141
	0.00212757184341
	0.00209381049149
	0.00205186178968
	0.00202189802766
	0.00200816644881
	0.00199058235221
	0.00197827799295
	0.00197285706457
	0.00196628677159
	0.00196229421907
];
ce_c = [
	0.00308091977327
	0.00259686557536
	0.00218941889433
	0.00193821328127
	0.00173902532011
	0.00160303851738
	0.00154112015632
	0.00146340335777
	0.001407356927
	0.00138138969129
	0.00134669170339
	0.00132076336296
	0.00130857625905
	0.00129198997038
	0.00127953560367
];
ce_n = [
	0.0422103974324
	0.0419233713476
	0.0419153252465
	0.0420104346787
	0.0419184922594
	0.0417840462613
	0.0416921072198
	0.0415031085837
	0.0412911970068
	0.0411604025675
	0.0409232245583
	0.0406749220197
	0.0405265718089
	0.0402654761971
	0.039998350682
];


cein_h = [
	22.0239227659
	23.6688122877
	24.3841380034
	24.5464307359
	24.9460581346
	25.2854107263
	25.4627102089
	25.7617787686
	26.0494360286
	26.2125465338
	26.4912243449
	26.7673221182
	26.9269903076
	27.2015732026
	27.4763517031
];
cein_c = [
	5.85329023384
	6.16500156171
	6.21513792649
	6.18764160338
	6.18567655686
	6.1830273665
	6.18167473751
	6.18479537499
	6.19175284566
	6.19703376187
	6.20867526407
	6.22248801688
	6.23119643321
	6.24730085299
	6.26433442958
];
cein_n = [
	54.7308094401
	57.7237732692
	58.3026608546
	58.1552801196
	58.3287508045
	58.5245419809
	58.6497905734
	58.9283356915
	59.2557903259
	59.4626926407
	59.8498102612
	60.2663799345
	60.519151766
	60.9713971417
	61.4418533656
];


D_h = [
	0.253749416253
	0.254803966399
	0.255736425525
	0.255973781897
	0.25694730978
	0.258045774764
	0.258735532407
	0.260050794607
	0.261486046784
	0.262366186645
	0.263955583466
	0.265625031822
	0.266627737242
	0.268401655978
	0.270231797573
];
D_c = [
	0.178285546114
	0.178551572627
	0.178786423399
	0.178694654336
	0.179178175419
	0.179814210863
	0.180236989892
	0.181082773315
	0.182033384675
	0.182624291736
	0.18370296496
	0.184845902498
	0.18553557781
	0.18676050574
	0.188028819184
];
D_n = [
	0.216068404983
	0.218395712571
	0.220733345935
	0.221970681602
	0.223860105673
	0.225623437031
	0.226620375316
	0.228311310646
	0.229994324973
	0.230975837438
	0.232672165844
	0.234384766748
	0.235390113749
	0.237133977888
	0.238899350613
];


db = [
	0.0392688924224
	0.0514464352604
	0.0648986591719
	0.0732611251094
	0.0884640942827
	0.104624721573
	0.11442697635
	0.131878660238
	0.150011625685
	0.160838936849
	0.17984882378
	0.199293264888
	0.210775034863
	0.230730988789
	0.250906835044
];


dbe = [
	0.715977453857
	0.725156980931
	0.729166343932
	0.730766346541
	0.733158632259
	0.735574562881
	0.737038775287
	0.739668060967
	0.742446285948
	0.744127256405
	0.7471160019
	0.750221501794
	0.752077581929
	0.755343924167
	0.758701211556
];


dbm = [
	8.1166224591
	8.1730926231
	8.19766326895
	8.20745280651
	8.22207318383
	8.23681783621
	8.24574421061
	8.26175471616
	8.27864634107
	8.28885383226
	8.30697888055
	8.32577993997
	8.33700135918
	8.35672086781
	8.37695239731
];


dbu = [
	0.0392688924224
	0.0514464352604
	0.0648986591719
	0.0732611251094
	0.0884640942827
	0.104624721573
	0.11442697635
	0.131878660238
	0.150011625685
	0.160838936849
	0.17984882378
	0.199293264888
	0.210775034863
	0.230730988789
	0.250906835044
];


delta = [
	0.238888772868
	0.214541264196
	0.193085008757
	0.181883267035
	0.164722908936
	0.149949731148
	0.142315065932
	0.130633853169
	0.120527538811
	0.11527224592
	0.107173896693
	0.100097608337
	0.0963877628899
	0.0906250025057
	0.0855388165851
];


